	    25 穆离 M 35 85 38 98 58 314 62.799999
	    29 乔菲儿 F 47 92 48 48 55 290 58.000000
	    42 宋思雨 F 85 37 86 88 68 364 72.800003
	    52 路星河 M 86 67 56 35 98 342 68.400002
	    49 成龙 M 87 76 99 92 86 440 88.000000
	    19 周星驰 M 68 79 86 75 67 375 75.000000
	    12 刘德华 M 99 98 97 96 95 485 97.000000
	    6 周杰伦 M 67 48 23 78 93 309 61.799999
	    38 杨鹏 M 11 12 8 9 60 100 20.000000
	    37 杨帆 M 34 45 77 12 23 191 38.200001
	    21 郑爽 F 34 45 56 67 78 280 56.000000
	    23 王峰 M 87 65 43 98 76 369 73.800003
	    40 甄子丹 M 33 45 56 67 78 279 55.799999
	    45 巩可可 F 24 45 65 76 87 297 59.400002
	    61 宋江云 F 23 54 76 87 98 338 67.599998
	    3 张玮彬 M 13 25 46 68 79 231 46.200001
	    10 王程娟 F 65 43 87 65 98 358 71.599998
	    9 马晓 F 23 65 73 87 96 344 68.800003
	    33 李连杰 M 98 97 96 95 94 480 96.000000
	    44 周荣 M 34 56 78 67 89 324 64.800003
